       1       2        0.000000    0.800000    0.000000     0.500000
       2       3        0.000000    0.800000    0.000000     0.500000
       3       4        0.000000    0.800000    0.000000     0.500000
       4       5        0.000000    0.800000    0.000000     0.500000
       5       6        0.000000    0.800000    0.000000     0.500000
       6       7        0.010000    0.800000    0.000000     0.500000
       7       8        0.000000    0.800000    0.000000     0.500000
       8       9        0.000000    0.800000    0.000000     0.500000
       9      10        0.000000    0.800000    0.000000     0.500000
       2       1        0.000000   -0.800000    0.000000     0.500000
       3       2        0.000000   -0.800000    0.000000     0.500000
       4       3        0.000000   -0.800000    0.000000     0.500000
       5       4        0.000000   -0.800000    0.000000     0.500000
       6       5        0.000000   -0.800000    0.000000     0.500000
       7       6        0.000000   -0.800000    0.000000     0.500000
       8       7        0.000000   -0.800000    0.000000     0.500000
       9       8        0.000000   -0.800000    0.000000     0.500000
      10       9        0.000000   -0.800000    0.000000     0.500000

