1	2	1.0
1	11	1.0
1	12	0.5
2	1	1.0
2	3	1.0
2	11	0.5
2	12	1.0
2	13	0.5
3	2	1.0
3	4	1.0
3	12	0.5
3	13	1.0
3	14	0.5
4	3	1.0
4	5	1.0
4	13	0.5
4	14	1.0
4	15	0.5
5	4	1.0
5	6	1.0
5	14	0.5
5	15	1.0
5	16	0.5
6	5	1.0
6	7	1.0
6	15	0.5
6	16	1.0
6	17	0.5
7	6	1.0
7	8	1.0
7	16	0.5
7	17	1.0
7	18	0.5
8	7	1.0
8	9	1.0
8	17	0.5
8	18	1.0
8	19	0.5
9	8	1.0
9	10	1.0
9	18	0.5
9	19	1.0
9	20	0.5
10	9	1.0
10	19	0.5
10	20	1.0
11	1	1.0
11	2	0.5
11	12	1.0
11	21	1.0
11	22	0.5
12	1	0.5
12	2	1.0
12	3	0.5
12	11	1.0
12	13	1.0
12	21	0.5
12	22	1.0
12	23	0.5
13	2	0.5
13	3	1.0
13	4	0.5
13	12	1.0
13	14	1.0
13	22	0.5
13	23	1.0
13	24	0.5
14	3	0.5
14	4	1.0
14	5	0.5
14	13	1.0
14	15	1.0
14	23	0.5
14	24	1.0
14	25	0.5
15	4	0.5
15	5	1.0
15	6	0.5
15	14	1.0
15	16	1.0
15	24	0.5
15	25	1.0
15	26	0.5
16	5	0.5
16	6	1.0
16	7	0.5
16	15	1.0
16	17	1.0
16	25	0.5
16	26	1.0
16	27	0.5
17	6	0.5
17	7	1.0
17	8	0.5
17	16	1.0
17	18	1.0
17	26	0.5
17	27	1.0
17	28	0.5
18	7	0.5
18	8	1.0
18	9	0.5
18	17	1.0
18	19	1.0
18	27	0.5
18	28	1.0
18	29	0.5
19	8	0.5
19	9	1.0
19	10	0.5
19	18	1.0
19	20	1.0
19	28	0.5
19	29	1.0
19	30	0.5
20	9	0.5
20	10	1.0
20	19	1.0
20	29	0.5
20	30	1.0
21	11	1.0
21	12	0.5
21	22	1.0
21	31	1.0
21	32	0.5
22	11	0.5
22	12	1.0
22	13	0.5
22	21	1.0
22	23	1.0
22	31	0.5
22	32	1.0
22	33	0.5
23	12	0.5
23	13	1.0
23	14	0.5
23	22	1.0
23	24	1.0
23	32	0.5
23	33	1.0
23	34	0.5
24	13	0.5
24	14	1.0
24	15	0.5
24	23	1.0
24	25	1.0
24	33	0.5
24	34	1.0
24	35	0.5
25	14	0.5
25	15	1.0
25	16	0.5
25	24	1.0
25	26	1.0
25	34	0.5
25	35	1.0
25	36	0.5
26	15	0.5
26	16	1.0
26	17	0.5
26	25	1.0
26	27	1.0
26	35	0.5
26	36	1.0
26	37	0.5
27	16	0.5
27	17	1.0
27	18	0.5
27	26	1.0
27	28	1.0
27	36	0.5
27	37	1.0
27	38	0.5
28	17	0.5
28	18	1.0
28	19	0.5
28	27	1.0
28	29	1.0
28	37	0.5
28	38	1.0
28	39	0.5
29	18	0.5
29	19	1.0
29	20	0.5
29	28	1.0
29	30	1.0
29	38	0.5
29	39	1.0
29	40	0.5
30	19	0.5
30	20	1.0
30	29	1.0
30	39	0.5
30	40	1.0
31	21	1.0
31	22	0.5
31	32	1.0
31	41	1.0
31	42	0.5
32	21	0.5
32	22	1.0
32	23	0.5
32	31	1.0
32	33	1.0
32	41	0.5
32	42	1.0
32	43	0.5
33	22	0.5
33	23	1.0
33	24	0.5
33	32	1.0
33	34	1.0
33	42	0.5
33	43	1.0
33	44	0.5
34	23	0.5
34	24	1.0
34	25	0.5
34	33	1.0
34	35	1.0
34	43	0.5
34	44	1.0
34	45	0.5
35	24	0.5
35	25	1.0
35	26	0.5
35	34	1.0
35	36	1.0
35	44	0.5
35	45	1.0
35	46	0.5
36	25	0.5
36	26	1.0
36	27	0.5
36	35	1.0
36	37	1.0
36	45	0.5
36	46	1.0
36	47	0.5
37	26	0.5
37	27	1.0
37	28	0.5
37	36	1.0
37	38	1.0
37	46	0.5
37	47	1.0
37	48	0.5
38	27	0.5
38	28	1.0
38	29	0.5
38	37	1.0
38	39	1.0
38	47	0.5
38	48	1.0
38	49	0.5
39	28	0.5
39	29	1.0
39	30	0.5
39	38	1.0
39	40	1.0
39	48	0.5
39	49	1.0
39	50	0.5
40	29	0.5
40	30	1.0
40	39	1.0
40	49	0.5
40	50	1.0
41	31	1.0
41	32	0.5
41	42	1.0
41	51	1.0
41	52	0.5
42	31	0.5
42	32	1.0
42	33	0.5
42	41	1.0
42	43	1.0
42	51	0.5
42	52	1.0
42	53	0.5
43	32	0.5
43	33	1.0
43	34	0.5
43	42	1.0
43	44	1.0
43	52	0.5
43	53	1.0
43	54	0.5
44	33	0.5
44	34	1.0
44	35	0.5
44	43	1.0
44	45	1.0
44	53	0.5
44	54	1.0
44	55	0.5
45	34	0.5
45	35	1.0
45	36	0.5
45	44	1.0
45	46	1.0
45	54	0.5
45	55	1.0
45	56	0.5
46	35	0.5
46	36	1.0
46	37	0.5
46	45	1.0
46	47	1.0
46	55	0.5
46	56	1.0
46	57	0.5
47	36	0.5
47	37	1.0
47	38	0.5
47	46	1.0
47	48	1.0
47	56	0.5
47	57	1.0
47	58	0.5
48	37	0.5
48	38	1.0
48	39	0.5
48	47	1.0
48	49	1.0
48	57	0.5
48	58	1.0
48	59	0.5
49	38	0.5
49	39	1.0
49	40	0.5
49	48	1.0
49	50	1.0
49	58	0.5
49	59	1.0
49	60	0.5
50	39	0.5
50	40	1.0
50	49	1.0
50	59	0.5
50	60	1.0
51	41	1.0
51	42	0.5
51	52	1.0
51	61	1.0
51	62	0.5
52	41	0.5
52	42	1.0
52	43	0.5
52	51	1.0
52	53	1.0
52	61	0.5
52	62	1.0
52	63	0.5
53	42	0.5
53	43	1.0
53	44	0.5
53	52	1.0
53	54	1.0
53	62	0.5
53	63	1.0
53	64	0.5
54	43	0.5
54	44	1.0
54	45	0.5
54	53	1.0
54	55	1.0
54	63	0.5
54	64	1.0
54	65	0.5
55	44	0.5
55	45	1.0
55	46	0.5
55	54	1.0
55	56	1.0
55	64	0.5
55	65	1.0
55	66	0.5
56	45	0.5
56	46	1.0
56	47	0.5
56	55	1.0
56	57	1.0
56	65	0.5
56	66	1.0
56	67	0.5
57	46	0.5
57	47	1.0
57	48	0.5
57	56	1.0
57	58	1.0
57	66	0.5
57	67	1.0
57	68	0.5
58	47	0.5
58	48	1.0
58	49	0.5
58	57	1.0
58	59	1.0
58	67	0.5
58	68	1.0
58	69	0.5
59	48	0.5
59	49	1.0
59	50	0.5
59	58	1.0
59	60	1.0
59	68	0.5
59	69	1.0
59	70	0.5
60	49	0.5
60	50	1.0
60	59	1.0
60	69	0.5
60	70	1.0
61	51	1.0
61	52	0.5
61	62	1.0
61	71	1.0
61	72	0.5
62	51	0.5
62	52	1.0
62	53	0.5
62	61	1.0
62	63	1.0
62	71	0.5
62	72	1.0
62	73	0.5
63	52	0.5
63	53	1.0
63	54	0.5
63	62	1.0
63	64	1.0
63	72	0.5
63	73	1.0
63	74	0.5
64	53	0.5
64	54	1.0
64	55	0.5
64	63	1.0
64	65	1.0
64	73	0.5
64	74	1.0
64	75	0.5
65	54	0.5
65	55	1.0
65	56	0.5
65	64	1.0
65	66	1.0
65	74	0.5
65	75	1.0
65	76	0.5
66	55	0.5
66	56	1.0
66	57	0.5
66	65	1.0
66	67	1.0
66	75	0.5
66	76	1.0
66	77	0.5
67	56	0.5
67	57	1.0
67	58	0.5
67	66	1.0
67	68	1.0
67	76	0.5
67	77	1.0
67	78	0.5
68	57	0.5
68	58	1.0
68	59	0.5
68	67	1.0
68	69	1.0
68	77	0.5
68	78	1.0
68	79	0.5
69	58	0.5
69	59	1.0
69	60	0.5
69	68	1.0
69	70	1.0
69	78	0.5
69	79	1.0
69	80	0.5
70	59	0.5
70	60	1.0
70	69	1.0
70	79	0.5
70	80	1.0
71	61	1.0
71	62	0.5
71	72	1.0
71	81	1.0
71	82	0.5
72	61	0.5
72	62	1.0
72	63	0.5
72	71	1.0
72	73	1.0
72	81	0.5
72	82	1.0
72	83	0.5
73	62	0.5
73	63	1.0
73	64	0.5
73	72	1.0
73	74	1.0
73	82	0.5
73	83	1.0
73	84	0.5
74	63	0.5
74	64	1.0
74	65	0.5
74	73	1.0
74	75	1.0
74	83	0.5
74	84	1.0
74	85	0.5
75	64	0.5
75	65	1.0
75	66	0.5
75	74	1.0
75	76	1.0
75	84	0.5
75	85	1.0
75	86	0.5
76	65	0.5
76	66	1.0
76	67	0.5
76	75	1.0
76	77	1.0
76	85	0.5
76	86	1.0
76	87	0.5
77	66	0.5
77	67	1.0
77	68	0.5
77	76	1.0
77	78	1.0
77	86	0.5
77	87	1.0
77	88	0.5
78	67	0.5
78	68	1.0
78	69	0.5
78	77	1.0
78	79	1.0
78	87	0.5
78	88	1.0
78	89	0.5
79	68	0.5
79	69	1.0
79	70	0.5
79	78	1.0
79	80	1.0
79	88	0.5
79	89	1.0
79	90	0.5
80	69	0.5
80	70	1.0
80	79	1.0
80	89	0.5
80	90	1.0
81	71	1.0
81	72	0.5
81	82	1.0
81	91	1.0
81	92	0.5
82	71	0.5
82	72	1.0
82	73	0.5
82	81	1.0
82	83	1.0
82	91	0.5
82	92	1.0
82	93	0.5
83	72	0.5
83	73	1.0
83	74	0.5
83	82	1.0
83	84	1.0
83	92	0.5
83	93	1.0
83	94	0.5
84	73	0.5
84	74	1.0
84	75	0.5
84	83	1.0
84	85	1.0
84	93	0.5
84	94	1.0
84	95	0.5
85	74	0.5
85	75	1.0
85	76	0.5
85	84	1.0
85	86	1.0
85	94	0.5
85	95	1.0
85	96	0.5
86	75	0.5
86	76	1.0
86	77	0.5
86	85	1.0
86	87	1.0
86	95	0.5
86	96	1.0
86	97	0.5
87	76	0.5
87	77	1.0
87	78	0.5
87	86	1.0
87	88	1.0
87	96	0.5
87	97	1.0
87	98	0.5
88	77	0.5
88	78	1.0
88	79	0.5
88	87	1.0
88	89	1.0
88	97	0.5
88	98	1.0
88	99	0.5
89	78	0.5
89	79	1.0
89	80	0.5
89	88	1.0
89	90	1.0
89	98	0.5
89	99	1.0
89	100	0.5
90	79	0.5
90	80	1.0
90	89	1.0
90	99	0.5
90	100	1.0
91	81	1.0
91	82	0.5
91	92	1.0
92	81	0.5
92	82	1.0
92	83	0.5
92	91	1.0
92	93	1.0
93	82	0.5
93	83	1.0
93	84	0.5
93	92	1.0
93	94	1.0
94	83	0.5
94	84	1.0
94	85	0.5
94	93	1.0
94	95	1.0
95	84	0.5
95	85	1.0
95	86	0.5
95	94	1.0
95	96	1.0
96	85	0.5
96	86	1.0
96	87	0.5
96	95	1.0
96	97	1.0
97	86	0.5
97	87	1.0
97	88	0.5
97	96	1.0
97	98	1.0
98	87	0.5
98	88	1.0
98	89	0.5
98	97	1.0
98	99	1.0
99	88	0.5
99	89	1.0
99	90	0.5
99	98	1.0
99	100	1.0
100	89	0.5
100	90	1.0
100	99	1.0
