1	0.0	0.0	0
2	0.0	0.5	0
3	0.0	1.0	0
4	0.0	1.5	0
5	0.0	2.0	0
6	0.0	2.5	0
7	0.0	3.0	0
8	0.0	3.5	0
9	0.0	4.0	0
10	0.0	4.5	0
11	0.5	0.0	0
12	0.5	0.5	0
13	0.5	1.0	0
14	0.5	1.5	0
15	0.5	2.0	0
16	0.5	2.5	0
17	0.5	3.0	0
18	0.5	3.5	0
19	0.5	4.0	0
20	0.5	4.5	0
21	1.0	0.0	0
22	1.0	0.5	0
23	1.0	1.0	0
24	1.0	1.5	0
25	1.0	2.0	0
26	1.0	2.5	0
27	1.0	3.0	0
28	1.0	3.5	0
29	1.0	4.0	0
30	1.0	4.5	0
31	1.5	0.0	0
32	1.5	0.5	0
33	1.5	1.0	0
34	1.5	1.5	0
35	1.5	2.0	0
36	1.5	2.5	0
37	1.5	3.0	0
38	1.5	3.5	0
39	1.5	4.0	0
40	1.5	4.5	0
41	2.0	0.0	0
42	2.0	0.5	0
43	2.0	1.0	0
44	2.0	1.5	0
45	2.0	2.0	0
46	2.0	2.5	0
47	2.0	3.0	0
48	2.0	3.5	0
49	2.0	4.0	0
50	2.0	4.5	0
51	2.5	0.0	0
52	2.5	0.5	0
53	2.5	1.0	0
54	2.5	1.5	0
55	2.5	2.0	0
56	2.5	2.5	0
57	2.5	3.0	0
58	2.5	3.5	0
59	2.5	4.0	0
60	2.5	4.5	0
61	3.0	0.0	0
62	3.0	0.5	0
63	3.0	1.0	0
64	3.0	1.5	0
65	3.0	2.0	0
66	3.0	2.5	0
67	3.0	3.0	0
68	3.0	3.5	0
69	3.0	4.0	0
70	3.0	4.5	0
71	3.5	0.0	0
72	3.5	0.5	0
73	3.5	1.0	0
74	3.5	1.5	0
75	3.5	2.0	0
76	3.5	2.5	0
77	3.5	3.0	0
78	3.5	3.5	0
79	3.5	4.0	0
80	3.5	4.5	0
81	4.0	0.0	0
82	4.0	0.5	0
83	4.0	1.0	0
84	4.0	1.5	0
85	4.0	2.0	0
86	4.0	2.5	0
87	4.0	3.0	0
88	4.0	3.5	0
89	4.0	4.0	0
90	4.0	4.5	0
91	4.5	0.0	0
92	4.5	0.5	0
93	4.5	1.0	0
94	4.5	1.5	0
95	4.5	2.0	0
96	4.5	2.5	0
97	4.5	3.0	0
98	4.5	3.5	0
99	4.5	4.0	0
100	4.5	4.5	0
