       1       2      1.591671     
       2       3      1.591671     
       3       4      1.591671     
       4       5      1.591671     
       5       6      1.591671     
       6       7      1.591671     
       7       8      1.591671
       8       9      1.591671
       9      10      1.591671
       2       1      1.591671
       3       2      1.591671
       4       3      1.591671
       5       4      1.591671
       6       5      1.591671
       7       6      1.591671
       8       7      1.591671
       9       8      1.591671
      10       9      1.591671

